n 1 1.00866 0
H 1 1.00783 0.9999
H 2 2.0141 0.00015
H 3 3.01605 0
He 3 3.01603 1e-06
Li 3 3.03078 0
H 4 4.02643 0
He 4 4.0026 1
Li 4 4.02719 0
H 5 5.03531 0
He 5 5.01206 0
Li 5 5.01254 0
Be 5 5.03987 0
H 6 6.04496 0
He 6 6.01889 0
Li 6 6.01512 0.0742
Be 6 6.01973 0
B 6 6.0508 0
H 7 7.05275 0
He 7 7.02799 0
Li 7 7.016 0.9258
Be 7 7.01693 0
B 7 7.02971 0
He 8 8.03393 0
Li 8 8.02249 0
Be 8 8.00531 0
B 8 8.02461 0
C 8 8.03764 0
He 9 9.04395 0
Li 9 9.02679 0
Be 9 9.01218 1
B 9 9.01333 0
C 9 9.03104 0
He 10 10.0528 0
Li 10 10.0355 0
Be 10 10.0135 0
B 10 10.0129 0.198
C 10 10.0169 0
N 10 10.0417 0
Li 11 11.0437 0
Be 11 11.0217 0
B 11 11.0093 0.802
C 11 11.0114 0
N 11 11.0261 0
Li 12 12.0525 0
Be 12 12.0269 0
B 12 12.0144 0
C 12 12 0.989
N 12 12.0186 0
O 12 12.0343 0
Li 13 13.0626 0
Be 13 13.0361 0
B 13 13.0178 0
C 13 13.0034 0.011
N 13 13.0057 0
O 13 13.0248 0
Be 14 14.0429 0
B 14 14.0254 0
C 14 14.0032 0
N 14 14.0031 0.9963
O 14 14.0086 0
F 14 14.0343 0
Be 15 15.0534 0
B 15 15.0311 0
C 15 15.0106 0
N 15 15.0001 0.0037
O 15 15.0031 0
F 15 15.018 0
Be 16 16.0617 0
B 16 16.0398 0
C 16 16.0147 0
N 16 16.0061 0
O 16 15.9949 0.9976
F 16 16.0115 0
Ne 16 16.0258 0
B 17 17.047 0
C 17 17.0226 0
N 17 17.0084 0
O 17 16.9991 0.00038
F 17 17.0021 0
Ne 17 17.0177 0
B 18 18.0557 0
C 18 18.0268 0
N 18 18.0141 0
O 18 17.9992 0.002
F 18 18.0009 0
Ne 18 18.0057 0
Na 18 18.0269 0
B 19 19.0631 0
C 19 19.0348 0
N 19 19.017 0
O 19 19.0036 0
F 19 18.9984 1
Ne 19 19.0019 0
Na 19 19.0139 0
Mg 19 19.0342 0
B 20 20.0721 0
C 20 20.0403 0
N 20 20.0234 0
O 20 20.0041 0
F 20 20 0
Ne 20 19.9924 0.906
Na 20 20.0074 0
Mg 20 20.0189 0
B 21 21.0813 0
C 21 21.049 0
N 21 21.0271 0
O 21 21.0087 0
F 21 20.9999 0
Ne 21 20.9938 0.0026
Na 21 20.9977 0
Mg 21 21.0117 0
Al 21 21.029 0
C 22 22.0575 0
N 22 22.0344 0
O 22 22.01 0
F 22 22.003 0
Ne 22 21.9914 0.092
Na 22 21.9944 0
Mg 22 21.9996 0
Al 22 22.0195 0
Si 22 22.0358 0
C 23 23.0689 0
N 23 23.0411 0
O 23 23.0157 0
F 23 23.0036 0
Ne 23 22.9945 0
Na 23 22.9898 1
Mg 23 22.9941 0
Al 23 23.0072 0
Si 23 23.0254 0
N 24 24.0504 0
O 24 24.0199 0
F 24 24.0081 0
Ne 24 23.9936 0
Na 24 23.991 0
Mg 24 23.985 0.789
Al 24 23.9999 0
Si 24 24.0115 0
P 24 24.0358 0
N 25 25.0601 0
O 25 25.0294 0
F 25 25.0122 0
Ne 25 24.9978 0
Na 25 24.99 0
Mg 25 24.9858 0.1
Al 25 24.9904 0
Si 25 25.0041 0
P 25 25.0212 0
O 26 26.0373 0
F 26 26.02 0
Ne 26 26.0005 0
Na 26 25.9926 0
Mg 26 25.9826 0.111
Al 26 25.9869 0
Si 26 25.9923 0
P 26 26.0118 0
S 26 26.0291 0
O 27 27.0477 0
F 27 27.0264 0
Ne 27 27.0076 0
Na 27 26.9941 0
Mg 27 26.9843 0
Al 27 26.9815 1
Si 27 26.9867 0
P 27 26.9992 0
S 27 27.0183 0
O 28 28.0559 0
F 28 28.0353 0
Ne 28 28.0121 0
Na 28 27.9989 0
Mg 28 27.9839 0
Al 28 27.9819 0
Si 28 27.9769 0.9223
P 28 27.9923 0
S 28 28.0044 0
Cl 28 28.0295 0
F 29 29.0425 0
Ne 29 29.0198 0
Na 29 29.0029 0
Mg 29 28.9886 0
Al 29 28.9805 0
Si 29 28.9765 0.0467
P 29 28.9818 0
S 29 28.9966 0
Cl 29 29.0148 0
F 30 30.0516 0
Ne 30 30.0247 0
Na 30 30.0091 0
Mg 30 29.9905 0
Al 30 29.983 0
Si 30 29.9738 0.031
P 30 29.9783 0
S 30 29.9849 0
Cl 30 30.0048 0
Ar 30 30.0231 0
F 31 31.0597 0
Ne 31 31.0331 0
Na 31 31.0132 0
Mg 31 30.9966 0
Al 31 30.9839 0
Si 31 30.9754 0
P 31 30.9738 1
S 31 30.9796 0
Cl 31 30.9924 0
Ar 31 31.0121 0
Ne 32 32.0397 0
Na 32 32.0202 0
Mg 32 31.9991 0
Al 32 31.9881 0
Si 32 31.9742 0
P 32 31.9739 0
S 32 31.9721 0.9502
Cl 32 31.9857 0
Ar 32 31.9976 0
K 32 32.0226 0
Ne 33 33.0494 0
Na 33 33.0257 0
Mg 33 33.0053 0
Al 33 32.9909 0
Si 33 32.978 0
P 33 32.9717 0
S 33 32.9715 0.0075
Cl 33 32.9775 0
Ar 33 32.9899 0
K 33 33.0076 0
Ne 34 34.0567 0
Na 34 34.0336 0
Mg 34 34.0089 0
Al 34 33.9967 0
Si 34 33.9786 0
P 34 33.9736 0
S 34 33.9679 0.0421
Cl 34 33.9738 0
Ar 34 33.9803 0
K 34 33.9987 0
Ca 34 34.0149 0
Na 35 35.0406 0
Mg 35 35.0168 0
Al 35 34.9998 0
Si 35 34.9846 0
P 35 34.9733 0
S 35 34.969 0
Cl 35 34.9689 0.7577
Ar 35 34.9753 0
K 35 34.988 0
Ca 35 35.0051 0
Na 36 36.0493 0
Mg 36 36.0219 0
Al 36 36.0064 0
Si 36 35.9867 0
P 36 35.9783 0
S 36 35.9671 0.0002
Cl 36 35.9683 0
Ar 36 35.9675 0.0034
K 36 35.9813 0
Ca 36 35.9931 0
Sc 36 36.0165 0
Na 37 37.0571 0
Mg 37 37.0304 0
Al 37 37.0105 0
Si 37 36.9929 0
P 37 36.9796 0
S 37 36.9711 0
Cl 37 36.9659 0.2423
Ar 37 36.9668 0
K 37 36.9734 0
Ca 37 36.9859 0
Sc 37 37.0037 0
Mg 38 38.0366 0
Al 38 38.0174 0
Si 38 37.9955 0
P 38 37.9843 0
S 38 37.9712 0
Cl 38 37.968 0
Ar 38 37.9627 0.00063
K 38 37.9691 0
Ca 38 37.9763 0
Sc 38 37.9951 0
Ti 38 38.0115 0
Mg 39 39.0454 0
Al 39 39.0225 0
Si 39 39.0025 0
P 39 38.9862 0
S 39 38.9751 0
Cl 39 38.968 0
Ar 39 38.9643 0
K 39 38.9637 0.932
Ca 39 38.9707 0
Sc 39 38.9848 0
Ti 39 39.0024 0
Mg 40 40.0522 0
Al 40 40.03 0
Si 40 40.0058 0
P 40 39.9913 0
S 40 39.9755 0
Cl 40 39.9704 0
Ar 40 39.9624 0.996
K 40 39.964 0.00012
Ca 40 39.9626 0.9695
Sc 40 39.978 0
Ti 40 39.9905 0
V 40 40.0128 0
Al 41 41.0364 0
Si 41 41.013 0
P 41 40.9947 0
S 41 40.9796 0
Cl 41 40.9707 0
Ar 41 40.9645 0
K 41 40.9618 0.0673
Ca 41 40.9623 0
Sc 41 40.9693 0
Ti 41 40.9831 0
V 41 41.0002 0
Al 42 42.0438 0
Si 42 42.0178 0
P 42 42.0011 0
S 42 41.9811 0
Cl 42 41.9733 0
Ar 42 41.963 0
K 42 41.9624 0
Ca 42 41.9586 0.0065
Sc 42 41.9655 0
Ti 42 41.973 0
V 42 41.9918 0
Cr 42 42.0067 0
Al 43 43.0515 0
Si 43 43.0248 0
P 43 43.005 0
S 43 42.9869 0
Cl 43 42.9739 0
Ar 43 42.9656 0
K 43 42.9607 0
Ca 43 42.9588 0.0014
Sc 43 42.9612 0
Ti 43 42.9685 0
V 43 42.9808 0
Cr 43 42.9975 0
Si 44 44.0306 0
P 44 44.0112 0
S 44 43.9901 0
Cl 44 43.9779 0
Ar 44 43.9649 0
K 44 43.9616 0
Ca 44 43.9555 0.02086
Sc 44 43.9594 0
Ti 44 43.9597 0
V 44 43.9741 0
Cr 44 43.9854 0
Mn 44 44.0072 0
Si 45 45.0399 0
P 45 45.0164 0
S 45 44.9957 0
Cl 45 44.9803 0
Ar 45 44.968 0
K 45 44.9607 0
Ca 45 44.9562 0
Sc 45 44.9559 1
Ti 45 44.9581 0
V 45 44.9658 0
Cr 45 44.9791 0
Mn 45 44.9945 0
Fe 45 45.0144 0
P 46 46.0245 0
S 46 46 0
Cl 46 45.9852 0
Ar 46 45.9681 0
K 46 45.962 0
Ca 46 45.9537 4e-05
Sc 46 45.9552 0
Ti 46 45.9526 0.08
V 46 45.9602 0
Cr 46 45.9684 0
Mn 46 45.9861 0
Fe 46 46.0006 0
P 47 47.0314 0
S 47 47.008 0
Cl 47 46.9892 0
Ar 47 46.9729 0
K 47 46.9617 0
Ca 47 46.9545 0
Sc 47 46.9524 0
Ti 47 46.9518 0.073
V 47 46.9549 0
Cr 47 46.9629 0
Mn 47 46.9758 0
Fe 47 46.9918 0
Co 47 47.0106 0
S 48 48.0137 0
Cl 48 47.9956 0
Ar 48 47.9759 0
K 48 47.9653 0
Ca 48 47.9525 0.0019
Sc 48 47.9522 0
Ti 48 47.9479 0.738
V 48 47.9523 0
Cr 48 47.954 0
Mn 48 47.9685 0
Fe 48 47.9802 0
Co 48 48.0009 0
Ni 48 48.0177 0
S 49 49.0228 0
Cl 49 49.0012 0
Ar 49 48.9819 0
K 49 48.9682 0
Ca 49 48.9557 0
Sc 49 48.95 0
Ti 49 48.9479 0.055
V 49 48.9485 0
Cr 49 48.9513 0
Mn 49 48.9596 0
Fe 49 48.9734 0
Co 49 48.9889 0
Ni 49 49.0077 0
Cl 50 50.0091 0
Ar 50 49.9861 0
K 50 49.9724 0
Ca 50 49.9575 0
Sc 50 49.9522 0
Ti 50 49.9448 0.054
V 50 49.9472 0.0025
Cr 50 49.946 0.0435
Mn 50 49.9542 0
Fe 50 49.963 0
Co 50 49.9809 0
Ni 50 49.9947 0
Cl 51 51.0155 0
Ar 51 50.9937 0
K 51 50.9758 0
Ca 51 50.961 0
Sc 51 50.9536 0
Ti 51 50.9466 0
V 51 50.944 0.9975
Cr 51 50.9448 0
Mn 51 50.9482 0
Fe 51 50.9568 0
Co 51 50.9706 0
Ni 51 50.9861 0
Ar 52 51.999 0
K 52 51.9822 0
Ca 52 51.9632 0
Sc 52 51.9569 0
Ti 52 51.9469 0
V 52 51.9448 0
Cr 52 51.9405 0.8379
Mn 52 51.9456 0
Fe 52 51.9481 0
Co 52 51.9635 0
Ni 52 51.9748 0
Cu 52 51.9967 0
Ar 53 53.0073 0
K 53 52.9875 0
Ca 53 52.9695 0
Sc 53 52.9591 0
Ti 53 52.9497 0
V 53 52.9443 0
Cr 53 52.9406 0.095
Mn 53 52.9413 0
Fe 53 52.9453 0
Co 53 52.9542 0
Ni 53 52.9682 0
Cu 53 52.9846 0
K 54 53.9946 0
Ca 54 53.9734 0
Sc 54 53.9639 0
Ti 54 53.951 0
V 54 53.9464 0
Cr 54 53.9389 0.0236
Mn 54 53.9404 0
Fe 54 53.9396 0.058
Co 54 53.9485 0
Ni 54 53.9579 0
Cu 54 53.9767 0
Zn 54 53.992 0
K 55 55.0008 0
Ca 55 54.9803 0
Sc 55 54.9678 0
Ti 55 54.9553 0
V 55 54.9472 0
Cr 55 54.9408 0
Mn 55 54.938 1
Fe 55 54.9383 0
Co 55 54.942 0
Ni 55 54.9513 0
Cu 55 54.966 0
Zn 55 54.984 0
K 56 56.0085 0
Ca 56 55.9851 0
Sc 56 55.9734 0
Ti 56 55.9579 0
V 56 55.9505 0
Cr 56 55.9407 0
Mn 56 55.9389 0
Fe 56 55.9349 0.9172
Co 56 55.9398 0
Ni 56 55.9421 0
Cu 56 55.959 0
Zn 56 55.9725 0
Ga 56 55.9954 0
Ca 57 56.9926 0
Sc 57 56.9778 0
Ti 57 56.9636 0
V 57 56.9525 0
Cr 57 56.9436 0
Mn 57 56.9383 0
Fe 57 56.9354 0.022
Co 57 56.9363 0
Ni 57 56.9398 0
Cu 57 56.9492 0
Zn 57 56.9651 0
Ga 57 56.9832 0
Ca 58 57.9979 0
Sc 58 57.984 0
Ti 58 57.9666 0
V 58 57.9567 0
Cr 58 57.9444 0
Mn 58 57.9401 0
Fe 58 57.9333 0.0028
Co 58 57.9358 0
Ni 58 57.9353 0.6827
Cu 58 57.9445 0
Zn 58 57.9546 0
Ga 58 57.9748 0
Ge 58 57.9917 0
Sc 59 58.9889 0
Ti 59 58.9725 0
V 59 58.9594 0
Cr 59 58.9486 0
Mn 59 58.9404 0
Fe 59 58.9349 0
Co 59 58.9332 1
Ni 59 58.9343 0
Cu 59 58.9395 0
Zn 59 58.9493 0
Ga 59 58.9635 0
Ge 59 58.9825 0
Sc 60 59.9956 0
Ti 60 59.976 0
V 60 59.9643 0
Cr 60 59.9501 0
Mn 60 59.9431 0
Fe 60 59.9341 0
Co 60 59.9338 0
Ni 60 59.9308 0.261
Cu 60 59.9374 0
Zn 60 59.9418 0
Ga 60 59.9573 0
Ge 60 59.9704 0
As 60 59.9939 0
Sc 61 61.001 0
Ti 61 60.9825 0
V 61 60.9672 0
Cr 61 60.9544 0
Mn 61 60.9445 0
Fe 61 60.9367 0
Co 61 60.9325 0
Ni 61 60.9311 0.0113
Cu 61 60.9335 0
Zn 61 60.9395 0
Ga 61 60.9494 0
Ge 61 60.9638 0
As 61 60.9811 0
Ti 62 61.9865 0
V 62 61.9727 0
Cr 62 61.9561 0
Mn 62 61.948 0
Fe 62 61.9368 0
Co 62 61.9341 0
Ni 62 61.9283 0.0359
Cu 62 61.9326 0
Zn 62 61.9343 0
Ga 62 61.9442 0
Ge 62 61.955 0
As 62 61.9736 0
Ti 63 62.9937 0
V 63 62.9764 0
Cr 63 62.9617 0
Mn 63 62.9497 0
Fe 63 62.9403 0
Co 63 62.9336 0
Ni 63 62.9297 0
Cu 63 62.9296 0.6917
Zn 63 62.9332 0
Ga 63 62.9393 0
Ge 63 62.9496 0
As 63 62.9639 0
V 64 63.9826 0
Cr 64 63.9641 0
Mn 64 63.9538 0
Fe 64 63.941 0
Co 64 63.9358 0
Ni 64 63.928 0.0091
Cu 64 63.9298 0
Zn 64 63.9291 0.486
Ga 64 63.9368 0
Ge 64 63.9417 0
As 64 63.9574 0
Se 64 63.9711 0
V 65 64.9875 0
Cr 65 64.97 0
Mn 65 64.956 0
Fe 65 64.945 0
Co 65 64.9365 0
Ni 65 64.9301 0
Cu 65 64.9278 0.3083
Zn 65 64.9292 0
Ga 65 64.9327 0
Ge 65 64.9394 0
As 65 64.9496 0
Se 65 64.9644 0
V 66 65.994 0
Cr 66 65.9737 0
Mn 66 65.9605 0
Fe 66 65.9462 0
Co 66 65.9394 0
Ni 66 65.9291 0
Cu 66 65.9289 0
Zn 66 65.926 0.279
Ga 66 65.9316 0
Ge 66 65.9339 0
As 66 65.9441 0
Se 66 65.9556 0
Cr 67 66.9802 0
Mn 67 66.9642 0
Fe 67 66.9505 0
Co 67 66.9406 0
Ni 67 66.9316 0
Cu 67 66.9277 0
Zn 67 66.9271 0.041
Ga 67 66.9282 0
Ge 67 66.9327 0
As 67 66.9393 0
Se 67 66.95 0
Br 67 66.9647 0
Cr 68 67.984 0
Mn 68 67.9696 0
Fe 68 67.953 0
Co 68 67.9443 0
Ni 68 67.9319 0
Cu 68 67.9296 0
Zn 68 67.9248 0.188
Ga 68 67.928 0
Ge 68 67.9281 0
As 68 67.9368 0
Se 68 67.9418 0
Br 68 67.9587 0
Mn 69 68.9737 0
Fe 69 68.9581 0
Co 69 68.9461 0
Ni 69 68.9356 0
Cu 69 68.9294 0
Zn 69 68.9266 0
Ga 69 68.9256 0.601
Ge 69 68.928 0
As 69 68.9322 0
Se 69 68.9394 0
Br 69 68.9505 0
Kr 69 68.9652 0
Mn 70 69.9794 0
Fe 70 69.961 0
Co 70 69.9496 0
Ni 70 69.9364 0
Cu 70 69.9324 0
Zn 70 69.9253 0.006
Ga 70 69.926 0
Ge 70 69.9242 0.205
As 70 69.9309 0
Se 70 69.9335 0
Br 70 69.9448 0
Kr 70 69.956 0
Mn 71 70.9837 0
Fe 71 70.9667 0
Co 71 70.9524 0
Ni 71 70.9405 0
Cu 71 70.9327 0
Zn 71 70.9277 0
Ga 71 70.9247 0.399
Ge 71 70.925 0
As 71 70.9271 0
Se 71 70.9322 0
Br 71 70.9393 0
Kr 71 70.9503 0
Rb 71 70.9653 0
Fe 72 71.9698 0
Co 72 71.9573 0
Ni 72 71.9418 0
Cu 72 71.9358 0
Zn 72 71.9268 0
Ga 72 71.9264 0
Ge 72 71.9221 0.274
As 72 71.9268 0
Se 72 71.9271 0
Br 72 71.9366 0
Kr 72 71.9421 0
Rb 72 71.9591 0
Fe 73 72.9757 0
Co 73 72.9604 0
Ni 73 72.9462 0
Cu 73 72.9367 0
Zn 73 72.9296 0
Ga 73 72.9252 0
Ge 73 72.9235 0.078
As 73 72.9238 0
Se 73 72.9268 0
Br 73 72.9317 0
Kr 73 72.9393 0
Rb 73 72.9505 0
Sr 73 72.9657 0
Fe 74 73.9793 0
Co 74 73.9651 0
Ni 74 73.948 0
Cu 74 73.9399 0
Zn 74 73.9294 0
Ga 74 73.9269 0
Ge 74 73.9212 0.365
As 74 73.9239 0
Se 74 73.9225 0.009
Br 74 73.9299 0
Kr 74 73.9331 0
Rb 74 73.9443 0
Sr 74 73.9562 0
Co 75 74.9688 0
Ni 75 74.9525 0
Cu 75 74.9415 0
Zn 75 74.9328 0
Ga 75 74.9265 0
Ge 75 74.9229 0
As 75 74.9216 1
Se 75 74.9225 0
Br 75 74.9258 0
Kr 75 74.9309 0
Rb 75 74.9386 0
Sr 75 74.95 0
Co 76 75.9741 0
Ni 76 75.9553 0
Cu 76 75.9453 0
Zn 76 75.9331 0
Ga 76 75.9288 0
Ge 76 75.9214 0.078
As 76 75.9224 0
Se 76 75.9192 0.09
Br 76 75.9245 0
Kr 76 75.9259 0
Rb 76 75.9351 0
Sr 76 75.9418 0
Y 76 75.9586 0
Ni 77 76.9605 0
Cu 77 76.9479 0
Zn 77 76.9369 0
Ga 77 76.9292 0
Ge 77 76.9235 0
As 77 76.9206 0
Se 77 76.9199 0.076
Br 77 76.9214 0
Kr 77 76.9247 0
Rb 77 76.9304 0
Sr 77 76.9379 0
Y 77 76.9498 0
Ni 78 77.9634 0
Cu 78 77.9522 0
Zn 78 77.9383 0
Ga 78 77.9316 0
Ge 78 77.9229 0
As 78 77.9218 0
Se 78 77.9173 0.235
Br 78 77.9211 0
Kr 78 77.9204 0.0035
Rb 78 77.9281 0
Sr 78 77.9322 0
Y 78 77.9436 0
Zr 78 77.9557 0
Ni 79 78.9703 0
Cu 79 78.955 0
Zn 79 78.9426 0
Ga 79 78.9329 0
Ge 79 78.9254 0
As 79 78.9209 0
Se 79 78.9185 0
Br 79 78.9183 0.5069
Kr 79 78.9201 0
Rb 79 78.924 0
Sr 79 78.9297 0
Y 79 78.9374 0
Zr 79 78.9495 0
Cu 80 79.9609 0
Zn 80 79.9446 0
Ga 80 79.9364 0
Ge 80 79.9254 0
As 80 79.9225 0
Se 80 79.9165 0.496
Br 80 79.9185 0
Kr 80 79.9164 0.0225
Rb 80 79.9225 0
Sr 80 79.9245 0
Y 80 79.9344 0
Zr 80 79.9404 0
Cu 81 80.9659 0
Zn 81 80.9504 0
Ga 81 80.9381 0
Ge 81 80.9288 0
As 81 80.9221 0
Se 81 80.918 0
Br 81 80.9163 0.4931
Kr 81 80.9166 0
Rb 81 80.919 0
Sr 81 80.9232 0
Y 81 80.9295 0
Zr 81 80.9373 0
Nb 81 80.9496 0
Cu 82 81.9724 0
Zn 82 81.9543 0
Ga 82 81.9432 0
Ge 82 81.9298 0
As 82 81.9247 0
Se 82 81.9167 0.094
Br 82 81.9168 0
Kr 82 81.9135 0.116
Rb 82 81.9182 0
Sr 82 81.9184 0
Y 82 81.9269 0
Zr 82 81.9314 0
Nb 82 81.944 0
Zn 83 82.9606 0
Ga 83 82.9471 0
Ge 83 82.9345 0
As 83 82.9252 0
Se 83 82.9191 0
Br 83 82.9152 0
Kr 83 82.9141 0.115
Rb 83 82.9151 0
Sr 83 82.9176 0
Y 83 82.9225 0
Zr 83 82.9292 0
Nb 83 82.9373 0
Mo 83 82.9499 0
Zn 84 83.9652 0
Ga 84 83.9525 0
Ge 84 83.9376 0
As 84 83.9293 0
Se 84 83.9185 0
Br 84 83.9165 0
Kr 84 83.9115 0.57
Rb 84 83.9144 0
Sr 84 83.9134 0.0056
Y 84 83.9207 0
Zr 84 83.9233 0
Nb 84 83.9345 0
Mo 84 83.9415 0
Zn 85 84.9723 0
Ga 85 84.957 0
Ge 85 84.943 0
As 85 84.9322 0
Se 85 84.9223 0
Br 85 84.9156 0
Kr 85 84.9125 0
Rb 85 84.9118 0.7217
Sr 85 84.9129 0
Y 85 84.9164 0
Zr 85 84.9214 0
Nb 85 84.9288 0
Mo 85 84.9383 0
Tc 85 84.9506 0
Ga 86 85.963 0
Ge 86 85.9466 0
As 86 85.9367 0
Se 86 85.9243 0
Br 86 85.9188 0
Kr 86 85.9106 0.173
Rb 86 85.9112 0
Sr 86 85.9093 0.0986
Y 86 85.9149 0
Zr 86 85.9163 0
Nb 86 85.9258 0
Mo 86 85.9312 0
Tc 86 85.9449 0
Ga 87 86.9682 0
Ge 87 86.9527 0
As 87 86.9403 0
Se 87 86.9287 0
Br 87 86.9207 0
Kr 87 86.9134 0
Rb 87 86.9092 0.2784
Sr 87 86.9089 0.07
Y 87 86.9109 0
Zr 87 86.9148 0
Nb 87 86.9207 0
Mo 87 86.9282 0
Tc 87 86.9381 0
Ru 87 86.9507 0
Ge 88 87.9569 0
As 88 87.9455 0
Se 88 87.9314 0
Br 88 87.9241 0
Kr 88 87.9144 0
Rb 88 87.9113 0
Sr 88 87.9056 0.8258
Y 88 87.9095 0
Zr 88 87.9102 0
Nb 88 87.9182 0
Mo 88 87.922 0
Tc 88 87.9338 0
Ru 88 87.9416 0
Ge 89 88.9638 0
As 89 88.9498 0
Se 89 88.9367 0
Br 89 88.9267 0
Kr 89 88.9178 0
Rb 89 88.9123 0
Sr 89 88.9075 0
Y 89 88.9058 1
Zr 89 88.9089 0
Nb 89 88.9134 0
Mo 89 88.9195 0
Tc 89 88.9276 0
Ru 89 88.9376 0
Rh 89 88.9506 0
Ge 90 89.9686 0
As 90 89.9556 0
Se 90 89.9401 0
Br 90 89.9313 0
Kr 90 89.9195 0
Rb 90 89.9148 0
Sr 90 89.9077 0
Y 90 89.9071 0
Zr 90 89.9047 0.5145
Nb 90 89.9113 0
Mo 90 89.9139 0
Tc 90 89.9241 0
Ru 90 89.9303 0
Rh 90 89.9442 0
As 91 90.9604 0
Se 91 90.946 0
Br 91 90.9344 0
Kr 91 90.9238 0
Rb 91 90.9165 0
Sr 91 90.9102 0
Y 91 90.9073 0
Zr 91 90.9056 0.1127
Nb 91 90.907 0
Mo 91 90.9117 0
Tc 91 90.9184 0
Ru 91 90.9267 0
Rh 91 90.9369 0
Pd 91 90.9503 0
As 92 91.9667 0
Se 92 91.9498 0
Br 92 91.9396 0
Kr 92 91.9262 0
Rb 92 91.9197 0
Sr 92 91.911 0
Y 92 91.9089 0
Zr 92 91.905 0.1717
Nb 92 91.9072 0
Mo 92 91.9068 0.1484
Tc 92 91.9153 0
Ru 92 91.9202 0
Rh 92 91.9324 0
Pd 92 91.9409 0
Se 93 92.9563 0
Br 93 92.9431 0
Kr 93 92.9311 0
Rb 93 92.922 0
Sr 93 92.914 0
Y 93 92.9096 0
Zr 93 92.9065 0
Nb 93 92.9064 1
Mo 93 92.9068 0
Tc 93 92.9102 0
Ru 93 92.9171 0
Rh 93 92.9259 0
Pd 93 92.9365 0
Ag 93 92.9503 0
Se 94 93.9605 0
Br 94 93.9489 0
Kr 94 93.9341 0
Rb 94 93.9264 0
Sr 94 93.9154 0
Y 94 93.9116 0
Zr 94 93.9063 0.1733
Nb 94 93.9073 0
Mo 94 93.9051 0.0925
Tc 94 93.9097 0
Ru 94 93.9113 0
Rh 94 93.9217 0
Pd 94 93.929 0
Ag 94 93.9437 0
Se 95 94.9673 0
Br 95 94.953 0
Kr 95 94.9397 0
Rb 95 94.9293 0
Sr 95 94.9194 0
Y 95 94.9128 0
Zr 95 94.908 0
Nb 95 94.9068 0
Mo 95 94.9058 0.1592
Tc 95 94.9077 0
Ru 95 94.9104 0
Rh 95 94.9159 0
Pd 95 94.9249 0
Ag 95 94.936 0
Cd 95 94.9499 0
Br 96 95.959 0
Kr 96 95.943 0
Rb 96 95.9341 0
Sr 96 95.9217 0
Y 96 95.9159 0
Zr 96 95.9083 0.0278
Nb 96 95.9081 0
Mo 96 95.9047 0.1668
Tc 96 95.9079 0
Ru 96 95.9076 0.0552
Rh 96 95.9145 0
Pd 96 95.9182 0
Ag 96 95.9307 0
Cd 96 95.9403 0
Br 97 96.9634 0
Kr 97 96.9491 0
Rb 97 96.9372 0
Sr 97 96.9264 0
Y 97 96.9183 0
Zr 97 96.911 0
Nb 97 96.9081 0
Mo 97 96.906 0.0955
Tc 97 96.9064 0
Ru 97 96.9075 0
Rh 97 96.9113 0
Pd 97 96.9165 0
Ag 97 96.924 0
Cd 97 96.9351 0
In 97 96.9493 0
Br 98 97.9695 0
Kr 98 97.9524 0
Rb 98 97.9417 0
Sr 98 97.9287 0
Y 98 97.9224 0
Zr 98 97.9127 0
Nb 98 97.9103 0
Mo 98 97.9054 0.2413
Tc 98 97.9072 0
Ru 98 97.9053 0.0188
Rh 98 97.9107 0
Pd 98 97.9127 0
Ag 98 97.9216 0
Cd 98 97.9274 0
In 98 97.9421 0
Kr 99 98.9584 0
Rb 99 98.945 0
Sr 99 98.9329 0
Y 99 98.9241 0
Zr 99 98.9167 0
Nb 99 98.9116 0
Mo 99 98.9077 0
Tc 99 98.9063 0
Ru 99 98.9059 0.127
Rh 99 98.9081 0
Pd 99 98.9118 0
Ag 99 98.9176 0
Cd 99 98.9249 0
In 99 98.9341 0
Sn 99 98.9485 0
Kr 100 99.9624 0
Rb 100 99.95 0
Sr 100 99.9358 0
Y 100 99.9277 0
Zr 100 99.918 0
Nb 100 99.9143 0
Mo 100 99.9075 0.0963
Tc 100 99.9077 0
Ru 100 99.9042 0.126
Rh 100 99.9081 0
Pd 100 99.9085 0
Ag 100 99.9161 0
Cd 100 99.9203 0
In 100 99.931 0
Sn 100 99.9385 0
Kr 101 100.969 0
Rb 101 100.954 0
Sr 101 100.94 0
Y 101 100.93 0
Zr 101 100.921 0
Nb 101 100.915 0
Mo 101 100.91 0
Tc 101 100.907 0
Ru 101 100.906 0.17
Rh 101 100.906 0
Pd 101 100.908 0
Ag 101 100.913 0
Cd 101 100.919 0
In 101 100.926 0
Sn 101 100.935 0
Rb 102 101.96 0
Sr 102 101.944 0
Y 102 101.934 0
Zr 102 101.923 0
Nb 102 101.918 0
Mo 102 101.91 0
Tc 102 101.909 0
Ru 102 101.904 0.316
Rh 102 101.907 0
Pd 102 101.906 0.0102
Ag 102 101.912 0
Cd 102 101.914 0
In 102 101.924 0
Sn 102 101.93 0
Rb 103 102.964 0
Sr 103 102.949 0
Y 103 102.937 0
Zr 103 102.927 0
Nb 103 102.919 0
Mo 103 102.913 0
Tc 103 102.909 0
Ru 103 102.906 0
Rh 103 102.905 1
Pd 103 102.906 0
Ag 103 102.909 0
Cd 103 102.913 0
In 103 102.92 0
Sn 103 102.928 0
Sb 103 102.94 0
Sr 104 103.953 0
Y 104 103.942 0
Zr 104 103.929 0
Nb 104 103.923 0
Mo 104 103.914 0
Tc 104 103.911 0
Ru 104 103.905 0.187
Rh 104 103.907 0
Pd 104 103.904 0.1114
Ag 104 103.909 0
Cd 104 103.91 0
In 104 103.918 0
Sn 104 103.923 0
Sb 104 103.936 0
Sr 105 104.959 0
Y 105 104.945 0
Zr 105 104.934 0
Nb 105 104.925 0
Mo 105 104.917 0
Tc 105 104.912 0
Ru 105 104.908 0
Rh 105 104.906 0
Pd 105 104.905 0.2233
Ag 105 104.907 0
Cd 105 104.909 0
In 105 104.915 0
Sn 105 104.921 0
Sb 105 104.931 0
Te 105 104.943 0
Sr 106 105.963 0
Y 106 105.951 0
Zr 106 105.937 0
Nb 106 105.929 0
Mo 106 105.918 0
Tc 106 105.914 0
Ru 106 105.907 0
Rh 106 105.907 0
Pd 106 105.903 0.2733
Ag 106 105.907 0
Cd 106 105.906 0.0125
In 106 105.913 0
Sn 106 105.917 0
Sb 106 105.929 0
Te 106 105.937 0
Sr 107 106.969 0
Y 107 106.955 0
Zr 107 106.942 0
Nb 107 106.932 0
Mo 107 106.922 0
Tc 107 106.915 0
Ru 107 106.91 0
Rh 107 106.907 0
Pd 107 106.905 0
Ag 107 106.905 0.5184
Cd 107 106.907 0
In 107 106.91 0
Sn 107 106.916 0
Sb 107 106.924 0
Te 107 106.935 0
I 107 106.947 0
Y 108 107.96 0
Zr 108 107.945 0
Nb 108 107.936 0
Mo 108 107.924 0
Tc 108 107.918 0
Ru 108 107.91 0
Rh 108 107.909 0
Pd 108 107.904 0.2646
Ag 108 107.906 0
Cd 108 107.904 0.0089
In 108 107.91 0
Sn 108 107.912 0
Sb 108 107.922 0
Te 108 107.929 0
I 108 107.943 0
Y 109 108.964 0
Zr 109 108.95 0
Nb 109 108.939 0
Mo 109 108.928 0
Tc 109 108.92 0
Ru 109 108.913 0
Rh 109 108.909 0
Pd 109 108.906 0
Ag 109 108.905 0.4816
Cd 109 108.905 0
In 109 108.907 0
Sn 109 108.911 0
Sb 109 108.918 0
Te 109 108.927 0
I 109 108.938 0
Xe 109 108.95 0
Zr 110 109.954 0
Nb 110 109.944 0
Mo 110 109.931 0
Tc 110 109.924 0
Ru 110 109.914 0
Rh 110 109.911 0
Pd 110 109.905 0.1172
Ag 110 109.906 0
Cd 110 109.903 0.1249
In 110 109.907 0
Sn 110 109.908 0
Sb 110 109.917 0
Te 110 109.922 0
I 110 109.935 0
Xe 110 109.944 0
Zr 111 110.96 0
Nb 111 110.948 0
Mo 111 110.936 0
Tc 111 110.926 0
Ru 111 110.918 0
Rh 111 110.912 0
Pd 111 110.908 0
Ag 111 110.905 0
Cd 111 110.904 0.128
In 111 110.905 0
Sn 111 110.908 0
Sb 111 110.913 0
Te 111 110.921 0
I 111 110.93 0
Xe 111 110.942 0
Zr 112 111.964 0
Nb 112 111.952 0
Mo 112 111.938 0
Tc 112 111.93 0
Ru 112 111.919 0
Rh 112 111.914 0
Pd 112 111.907 0
Ag 112 111.907 0
Cd 112 111.903 0.2413
In 112 111.906 0
Sn 112 111.905 0.0097
Sb 112 111.912 0
Te 112 111.917 0
I 112 111.928 0
Xe 112 111.936 0
Cs 112 111.95 0
Nb 113 112.957 0
Mo 113 112.943 0
Tc 113 112.933 0
Ru 113 112.923 0
Rh 113 112.915 0
Pd 113 112.91 0
Ag 113 112.907 0
Cd 113 112.904 0.1222
In 113 112.904 0.043
Sn 113 112.905 0
Sb 113 112.909 0
Te 113 112.916 0
I 113 112.924 0
Xe 113 112.933 0
Cs 113 112.944 0
Nb 114 113.962 0
Mo 114 113.947 0
Tc 114 113.937 0
Ru 114 113.925 0
Rh 114 113.919 0
Pd 114 113.91 0
Ag 114 113.909 0
Cd 114 113.903 0.2873
In 114 113.905 0
Sn 114 113.903 0.0065
Sb 114 113.909 0
Te 114 113.912 0
I 114 113.922 0
Xe 114 113.928 0
Cs 114 113.941 0
Ba 114 113.951 0
Nb 115 114.966 0
Mo 115 114.952 0
Tc 115 114.94 0
Ru 115 114.929 0
Rh 115 114.92 0
Pd 115 114.914 0
Ag 115 114.909 0
Cd 115 114.905 0
In 115 114.904 0.957
Sn 115 114.903 0.0036
Sb 115 114.907 0
Te 115 114.912 0
I 115 114.918 0
Xe 115 114.926 0
Cs 115 114.936 0
Ba 115 114.947 0
Mo 116 115.955 0
Tc 116 115.945 0
Ru 116 115.931 0
Rh 116 115.924 0
Pd 116 115.914 0
Ag 116 115.911 0
Cd 116 115.905 0.0749
In 116 115.905 0
Sn 116 115.902 0.147
Sb 116 115.907 0
Te 116 115.908 0
I 116 115.917 0
Xe 116 115.922 0
Cs 116 115.933 0
Ba 116 115.941 0
La 116 115.956 0
Mo 117 116.961 0
Tc 117 116.948 0
Ru 117 116.936 0
Rh 117 116.926 0
Pd 117 116.918 0
Ag 117 116.912 0
Cd 117 116.907 0
In 117 116.905 0
Sn 117 116.903 0.077
Sb 117 116.905 0
Te 117 116.909 0
I 117 116.914 0
Xe 117 116.92 0
Cs 117 116.929 0
Ba 117 116.938 0
La 117 116.95 0
Tc 118 117.953 0
Ru 118 117.939 0
Rh 118 117.93 0
Pd 118 117.919 0
Ag 118 117.915 0
Cd 118 117.907 0
In 118 117.906 0
Sn 118 117.902 0.243
Sb 118 117.906 0
Te 118 117.906 0
I 118 117.913 0
Xe 118 117.916 0
Cs 118 117.927 0
Ba 118 117.933 0
La 118 117.947 0
Tc 119 118.957 0
Ru 119 118.944 0
Rh 119 118.933 0
Pd 119 118.923 0
Ag 119 118.916 0
Cd 119 118.91 0
In 119 118.906 0
Sn 119 118.903 0.086
Sb 119 118.904 0
Te 119 118.906 0
I 119 118.91 0
Xe 119 118.915 0
Cs 119 118.922 0
Ba 119 118.931 0
La 119 118.941 0
Ce 119 118.953 0
Tc 120 119.962 0
Ru 120 119.946 0
Rh 120 119.937 0
Pd 120 119.925 0
Ag 120 119.919 0
Cd 120 119.91 0
In 120 119.908 0
Sn 120 119.902 0.324
Sb 120 119.905 0
Te 120 119.904 0.00096
I 120 119.91 0
Xe 120 119.912 0
Cs 120 119.921 0
Ba 120 119.926 0
La 120 119.938 0
Ce 120 119.947 0
Ru 121 120.952 0
Rh 121 120.939 0
Pd 121 120.929 0
Ag 121 120.92 0
Cd 121 120.913 0
In 121 120.908 0
Sn 121 120.904 0
Sb 121 120.904 0.573
Te 121 120.905 0
I 121 120.907 0
Xe 121 120.911 0
Cs 121 120.917 0
Ba 121 120.924 0
La 121 120.933 0
Ce 121 120.943 0
Pr 121 120.955 0
Ru 122 121.954 0
Rh 122 121.944 0
Pd 122 121.931 0
Ag 122 121.924 0
Cd 122 121.913 0
In 122 121.91 0
Sn 122 121.903 0.046
Sb 122 121.905 0
Te 122 121.903 0.026
I 122 121.908 0
Xe 122 121.908 0
Cs 122 121.916 0
Ba 122 121.92 0
La 122 121.931 0
Ce 122 121.938 0
Pr 122 121.952 0
Ru 123 122.96 0
Rh 123 122.947 0
Pd 123 122.935 0
Ag 123 122.925 0
Cd 123 122.917 0
In 123 122.91 0
Sn 123 122.906 0
Sb 123 122.904 0.427
Te 123 122.904 0.0091
I 123 122.906 0
Xe 123 122.908 0
Cs 123 122.913 0
Ba 123 122.919 0
La 123 122.926 0
Ce 123 122.935 0
Pr 123 122.946 0
Ru 124 123.963 0
Rh 124 123.952 0
Pd 124 123.937 0
Ag 124 123.929 0
Cd 124 123.918 0
In 124 123.913 0
Sn 124 123.905 0.056
Sb 124 123.906 0
Te 124 123.903 0.0482
I 124 123.906 0
Xe 124 123.906 0.001
Cs 124 123.912 0
Ba 124 123.915 0
La 124 123.925 0
Ce 124 123.93 0
Pr 124 123.943 0
Nd 124 123.952 0
Rh 125 124.955 0
Pd 125 124.942 0
Ag 125 124.931 0
Cd 125 124.921 0
In 125 124.914 0
Sn 125 124.908 0
Sb 125 124.905 0
Te 125 124.904 0.0714
I 125 124.905 0
Xe 125 124.906 0
Cs 125 124.91 0
Ba 125 124.914 0
La 125 124.921 0
Ce 125 124.928 0
Pr 125 124.938 0
Nd 125 124.949 0
Rh 126 125.959 0
Pd 126 125.944 0
Ag 126 125.935 0
Cd 126 125.922 0
In 126 125.917 0
Sn 126 125.908 0
Sb 126 125.907 0
Te 126 125.903 0.1895
I 126 125.906 0
Xe 126 125.904 0
Cs 126 125.909 0
Ba 126 125.911 0
La 126 125.92 0
Ce 126 125.924 0
Pr 126 125.935 0
Nd 126 125.943 0
Pm 126 125.958 0
Pd 127 126.949 0
Ag 127 126.937 0
Cd 127 126.926 0
In 127 126.917 0
Sn 127 126.91 0
Sb 127 126.907 0
Te 127 126.905 0
I 127 126.904 1
Xe 127 126.905 0
Cs 127 126.907 0
Ba 127 126.911 0
La 127 126.916 0
Ce 127 126.923 0
Pr 127 126.931 0
Nd 127 126.94 0
Pm 127 126.952 0
Pd 128 127.952 0
Ag 128 127.941 0
Cd 128 127.928 0
In 128 127.92 0
Sn 128 127.911 0
Sb 128 127.909 0
Te 128 127.904 0.3169
I 128 127.906 0
Xe 128 127.904 0.0191
Cs 128 127.908 0
Ba 128 127.908 0
La 128 127.916 0
Ce 128 127.919 0
Pr 128 127.929 0
Nd 128 127.935 0
Pm 128 127.949 0
Sm 128 127.958 0
Ag 129 128.944 0
Cd 129 128.932 0
In 129 128.922 0
Sn 129 128.913 0
Sb 129 128.909 0
Te 129 128.907 0
I 129 128.905 0
Xe 129 128.905 0.264
Cs 129 128.906 0
Ba 129 128.909 0
La 129 128.913 0
Ce 129 128.918 0
Pr 129 128.925 0
Nd 129 128.933 0
Pm 129 128.943 0
Sm 129 128.955 0
Ag 130 129.951 0
Cd 130 129.934 0
In 130 129.925 0
Sn 130 129.914 0
Sb 130 129.912 0
Te 130 129.906 0.338
I 130 129.907 0
Xe 130 129.904 0.041
Cs 130 129.907 0
Ba 130 129.906 0.0011
La 130 129.912 0
Ce 130 129.915 0
Pr 130 129.924 0
Nd 130 129.929 0
Pm 130 129.941 0
Sm 130 129.949 0
Eu 130 129.964 0
Cd 131 130.941 0
In 131 130.927 0
Sn 131 130.917 0
Sb 131 130.912 0
Te 131 130.909 0
I 131 130.906 0
Xe 131 130.905 0.212
Cs 131 130.905 0
Ba 131 130.907 0
La 131 130.91 0
Ce 131 130.914 0
Pr 131 130.92 0
Nd 131 130.927 0
Pm 131 130.936 0
Sm 131 130.946 0
Eu 131 130.958 0
Cd 132 131.946 0
In 132 131.933 0
Sn 132 131.918 0
Sb 132 131.915 0
Te 132 131.909 0
I 132 131.908 0
Xe 132 131.904 0.269
Cs 132 131.906 0
Ba 132 131.905 0.001
La 132 131.91 0
Ce 132 131.911 0
Pr 132 131.919 0
Nd 132 131.923 0
Pm 132 131.934 0
Sm 132 131.941 0
Eu 132 131.955 0
Cd 133 132.953 0
In 133 132.938 0
Sn 133 132.924 0
Sb 133 132.915 0
Te 133 132.911 0
I 133 132.908 0
Xe 133 132.906 0
Cs 133 132.905 1
Ba 133 132.906 0
La 133 132.908 0
Ce 133 132.912 0
Pr 133 132.916 0
Nd 133 132.922 0
Pm 133 132.93 0
Sm 133 132.939 0
Eu 133 132.949 0
Gd 133 132.961 0
In 134 133.945 0
Sn 134 133.929 0
Sb 134 133.921 0
Te 134 133.911 0
I 134 133.91 0
Xe 134 133.905 0.104
Cs 134 133.907 0
Ba 134 133.905 0.0242
La 134 133.909 0
Ce 134 133.909 0
Pr 134 133.916 0
Nd 134 133.919 0
Pm 134 133.928 0
Sm 134 133.934 0
Eu 134 133.946 0
Gd 134 133.956 0
In 135 134.95 0
Sn 135 134.935 0
Sb 135 134.925 0
Te 135 134.917 0
I 135 134.91 0
Xe 135 134.907 0
Cs 135 134.906 0
Ba 135 134.906 0.0659
La 135 134.907 0
Ce 135 134.909 0
Pr 135 134.913 0
Nd 135 134.918 0
Pm 135 134.925 0
Sm 135 134.933 0
Eu 135 134.942 0
Gd 135 134.952 0
Tb 135 134.965 0
Sn 136 135.94 0
Sb 136 135.931 0
Te 136 135.92 0
I 136 135.915 0
Xe 136 135.907 0.089
Cs 136 135.907 0
Ba 136 135.905 0.0785
La 136 135.908 0
Ce 136 135.907 0.0019
Pr 136 135.913 0
Nd 136 135.915 0
Pm 136 135.924 0
Sm 136 135.928 0
Eu 136 135.94 0
Gd 136 135.947 0
Tb 136 135.961 0
Sn 137 136.947 0
Sb 137 136.936 0
Te 137 136.926 0
I 137 136.918 0
Xe 137 136.912 0
Cs 137 136.907 0
Ba 137 136.906 0.1123
La 137 136.906 0
Ce 137 136.908 0
Pr 137 136.911 0
Nd 137 136.915 0
Pm 137 136.92 0
Sm 137 136.927 0
Eu 137 136.935 0
Gd 137 136.945 0
Tb 137 136.956 0
Sn 138 137.952 0
Sb 138 137.941 0
Te 138 137.929 0
I 138 137.923 0
Xe 138 137.914 0
Cs 138 137.911 0
Ba 138 137.905 0.717
La 138 137.907 0.0009
Ce 138 137.906 0.0025
Pr 138 137.911 0
Nd 138 137.912 0
Pm 138 137.92 0
Sm 138 137.923 0
Eu 138 137.934 0
Gd 138 137.94 0
Tb 138 137.953 0
Dy 138 137.963 0
Sb 139 138.947 0
Te 139 138.935 0
I 139 138.927 0
Xe 139 138.919 0
Cs 139 138.913 0
Ba 139 138.909 0
La 139 138.906 0.9991
Ce 139 138.907 0
Pr 139 138.909 0
Nd 139 138.912 0
Pm 139 138.917 0
Sm 139 138.922 0
Eu 139 138.93 0
Gd 139 138.938 0
Tb 139 138.948 0
Dy 139 138.96 0
Sb 140 139.953 0
Te 140 139.939 0
I 140 139.932 0
Xe 140 139.922 0
Cs 140 139.917 0
Ba 140 139.911 0
La 140 139.909 0
Ce 140 139.905 0.8848
Pr 140 139.909 0
Nd 140 139.91 0
Pm 140 139.916 0
Sm 140 139.919 0
Eu 140 139.928 0
Gd 140 139.934 0
Tb 140 139.946 0
Dy 140 139.954 0
Ho 140 139.969 0
Te 141 140.946 0
I 141 140.936 0
Xe 141 140.927 0
Cs 141 140.92 0
Ba 141 140.914 0
La 141 140.911 0
Ce 141 140.908 0
Pr 141 140.908 1
Nd 141 140.91 0
Pm 141 140.914 0
Sm 141 140.918 0
Eu 141 140.925 0
Gd 141 140.932 0
Tb 141 140.941 0
Dy 141 140.951 0
Ho 141 140.963 0
Te 142 141.95 0
I 142 141.941 0
Xe 142 141.93 0
Cs 142 141.924 0
Ba 142 141.916 0
La 142 141.914 0
Ce 142 141.909 0.1108
Pr 142 141.91 0
Nd 142 141.908 0.2713
Pm 142 141.913 0
Sm 142 141.915 0
Eu 142 141.923 0
Gd 142 141.928 0
Tb 142 141.939 0
Dy 142 141.946 0
Ho 142 141.96 0
Er 142 141.97 0
Te 143 142.957 0
I 143 142.946 0
Xe 143 142.935 0
Cs 143 142.927 0
Ba 143 142.921 0
La 143 142.916 0
Ce 143 142.912 0
Pr 143 142.911 0
Nd 143 142.91 0.1218
Pm 143 142.911 0
Sm 143 142.915 0
Eu 143 142.92 0
Gd 143 142.927 0
Tb 143 142.935 0
Dy 143 142.944 0
Ho 143 142.955 0
Er 143 142.967 0
I 144 143.951 0
Xe 144 143.939 0
Cs 144 143.932 0
Ba 144 143.923 0
La 144 143.92 0
Ce 144 143.914 0
Pr 144 143.913 0
Nd 144 143.91 0.238
Pm 144 143.913 0
Sm 144 143.912 0.031
Eu 144 143.919 0
Gd 144 143.923 0
Tb 144 143.933 0
Dy 144 143.939 0
Ho 144 143.952 0
Er 144 143.961 0
Tm 144 143.976 0
I 145 144.956 0
Xe 145 144.945 0
Cs 145 144.936 0
Ba 145 144.928 0
La 145 144.922 0
Ce 145 144.917 0
Pr 145 144.915 0
Nd 145 144.913 0.083
Pm 145 144.913 0
Sm 145 144.913 0
Eu 145 144.916 0
Gd 145 144.922 0
Tb 145 144.929 0
Dy 145 144.937 0
Ho 145 144.947 0
Er 145 144.958 0
Tm 145 144.97 0
Xe 146 145.949 0
Cs 146 145.94 0
Ba 146 145.93 0
La 146 145.926 0
Ce 146 145.919 0
Pr 146 145.918 0
Nd 146 145.913 0.1719
Pm 146 145.915 0
Sm 146 145.913 0
Eu 146 145.917 0
Gd 146 145.918 0
Tb 146 145.927 0
Dy 146 145.933 0
Ho 146 145.945 0
Er 146 145.952 0
Tm 146 145.967 0
Xe 147 146.954 0
Cs 147 146.944 0
Ba 147 146.935 0
La 147 146.928 0
Ce 147 146.923 0
Pr 147 146.919 0
Nd 147 146.916 0
Pm 147 146.915 0
Sm 147 146.915 0.15
Eu 147 146.917 0
Gd 147 146.919 0
Tb 147 146.924 0
Dy 147 146.931 0
Ho 147 146.94 0
Er 147 146.95 0
Tm 147 146.961 0
Xe 148 147.958 0
Cs 148 147.949 0
Ba 148 147.938 0
La 148 147.933 0
Ce 148 147.924 0
Pr 148 147.922 0
Nd 148 147.917 0.0576
Pm 148 147.917 0
Sm 148 147.915 0.113
Eu 148 147.918 0
Gd 148 147.918 0
Tb 148 147.924 0
Dy 148 147.927 0
Ho 148 147.938 0
Er 148 147.945 0
Tm 148 147.958 0
Yb 148 147.968 0
Cs 149 148.953 0
Ba 149 148.943 0
La 149 148.935 0
Ce 149 148.928 0
Pr 149 148.924 0
Nd 149 148.92 0
Pm 149 148.918 0
Sm 149 148.917 0.138
Eu 149 148.918 0
Gd 149 148.919 0
Tb 149 148.923 0
Dy 149 148.927 0
Ho 149 148.934 0
Er 149 148.942 0
Tm 149 148.953 0
Yb 149 148.964 0
Cs 150 149.958 0
Ba 150 149.946 0
La 150 149.939 0
Ce 150 149.93 0
Pr 150 149.927 0
Nd 150 149.921 0.0564
Pm 150 149.921 0
Sm 150 149.917 0.074
Eu 150 149.92 0
Gd 150 149.919 0
Tb 150 149.924 0
Dy 150 149.926 0
Ho 150 149.933 0
Er 150 149.938 0
Tm 150 149.95 0
Yb 150 149.959 0
Lu 150 149.974 0
Cs 151 150.963 0
Ba 151 150.951 0
La 151 150.942 0
Ce 151 150.934 0
Pr 151 150.928 0
Nd 151 150.924 0
Pm 151 150.921 0
Sm 151 150.92 0
Eu 151 150.92 0.478
Gd 151 150.92 0
Tb 151 150.923 0
Dy 151 150.926 0
Ho 151 150.932 0
Er 151 150.937 0
Tm 151 150.945 0
Yb 151 150.955 0
Lu 151 150.968 0
Ba 152 151.955 0
La 152 151.947 0
Ce 152 151.937 0
Pr 152 151.932 0
Nd 152 151.925 0
Pm 152 151.924 0
Sm 152 151.92 0.267
Eu 152 151.922 0
Gd 152 151.92 0.002
Tb 152 151.924 0
Dy 152 151.925 0
Ho 152 151.932 0
Er 152 151.935 0
Tm 152 151.944 0
Yb 152 151.95 0
Lu 152 151.964 0
Ba 153 152.96 0
La 153 152.95 0
Ce 153 152.941 0
Pr 153 152.934 0
Nd 153 152.928 0
Pm 153 152.924 0
Sm 153 152.922 0
Eu 153 152.921 0.522
Gd 153 152.922 0
Tb 153 152.923 0
Dy 153 152.926 0
Ho 153 152.93 0
Er 153 152.935 0
Tm 153 152.942 0
Yb 153 152.949 0
Lu 153 152.959 0
Hf 153 152.971 0
La 154 153.955 0
Ce 154 153.944 0
Pr 154 153.938 0
Nd 154 153.929 0
Pm 154 153.926 0
Sm 154 153.922 0.227
Eu 154 153.923 0
Gd 154 153.921 0.0218
Tb 154 153.925 0
Dy 154 153.924 0
Ho 154 153.931 0
Er 154 153.933 0
Tm 154 153.942 0
Yb 154 153.946 0
Lu 154 153.957 0
Hf 154 153.965 0
La 155 154.959 0
Ce 155 154.949 0
Pr 155 154.941 0
Nd 155 154.933 0
Pm 155 154.928 0
Sm 155 154.925 0
Eu 155 154.923 0
Gd 155 154.923 0.148
Tb 155 154.924 0
Dy 155 154.926 0
Ho 155 154.929 0
Er 155 154.933 0
Tm 155 154.939 0
Yb 155 154.946 0
Lu 155 154.954 0
Hf 155 154.963 0
Ta 155 154.974 0
Ce 156 155.952 0
Pr 156 155.945 0
Nd 156 155.935 0
Pm 156 155.931 0
Sm 156 155.926 0
Eu 156 155.925 0
Gd 156 155.922 0.2047
Tb 156 155.925 0
Dy 156 155.924 0.0006
Ho 156 155.93 0
Er 156 155.931 0
Tm 156 155.939 0
Yb 156 155.943 0
Lu 156 155.953 0
Hf 156 155.959 0
Ta 156 155.972 0
Ce 157 156.957 0
Pr 157 156.948 0
Nd 157 156.939 0
Pm 157 156.933 0
Sm 157 156.928 0
Eu 157 156.925 0
Gd 157 156.924 0.1565
Tb 157 156.924 0
Dy 157 156.925 0
Ho 157 156.928 0
Er 157 156.932 0
Tm 157 156.937 0
Yb 157 156.943 0
Lu 157 156.95 0
Hf 157 156.958 0
Ta 157 156.968 0
W 157 156.979 0
Pr 158 157.952 0
Nd 158 157.942 0
Pm 158 157.937 0
Sm 158 157.93 0
Eu 158 157.928 0
Gd 158 157.924 0.2484
Tb 158 157.925 0
Dy 158 157.924 0.001
Ho 158 157.929 0
Er 158 157.93 0
Tm 158 157.937 0
Yb 158 157.94 0
Lu 158 157.949 0
Hf 158 157.955 0
Ta 158 157.967 0
W 158 157.975 0
Pr 159 158.956 0
Nd 159 158.947 0
Pm 159 158.939 0
Sm 159 158.933 0
Eu 159 158.929 0
Gd 159 158.926 0
Tb 159 158.925 1
Dy 159 158.926 0
Ho 159 158.928 0
Er 159 158.931 0
Tm 159 158.935 0
Yb 159 158.94 0
Lu 159 158.947 0
Hf 159 158.954 0
Ta 159 158.963 0
W 159 158.973 0
Re 159 158.984 0
Nd 160 159.949 0
Pm 160 159.943 0
Sm 160 159.935 0
Eu 160 159.932 0
Gd 160 159.927 0.2186
Tb 160 159.927 0
Dy 160 159.925 0.0234
Ho 160 159.929 0
Er 160 159.929 0
Tm 160 159.935 0
Yb 160 159.938 0
Lu 160 159.946 0
Hf 160 159.951 0
Ta 160 159.961 0
W 160 159.968 0
Re 160 159.982 0
Nd 161 160.954 0
Pm 161 160.946 0
Sm 161 160.939 0
Eu 161 160.934 0
Gd 161 160.93 0
Tb 161 160.928 0
Dy 161 160.927 0.189
Ho 161 160.928 0
Er 161 160.93 0
Tm 161 160.934 0
Yb 161 160.938 0
Lu 161 160.944 0
Hf 161 160.95 0
Ta 161 160.958 0
W 161 160.967 0
Re 161 160.978 0
Os 161 160.989 0
Pm 162 161.95 0
Sm 162 161.941 0
Eu 162 161.937 0
Gd 162 161.931 0
Tb 162 161.929 0
Dy 162 161.927 0.255
Ho 162 161.929 0
Er 162 161.929 0.0014
Tm 162 161.934 0
Yb 162 161.936 0
Lu 162 161.943 0
Hf 162 161.947 0
Ta 162 161.957 0
W 162 161.963 0
Re 162 161.976 0
Os 162 161.984 0
Pm 163 162.954 0
Sm 163 162.946 0
Eu 163 162.939 0
Gd 163 162.934 0
Tb 163 162.931 0
Dy 163 162.929 0.249
Ho 163 162.929 0
Er 163 162.93 0
Tm 163 162.933 0
Yb 163 162.936 0
Lu 163 162.941 0
Hf 163 162.947 0
Ta 163 162.954 0
W 163 162.963 0
Re 163 162.972 0
Os 163 162.982 0
Sm 164 163.948 0
Eu 164 163.943 0
Gd 164 163.936 0
Tb 164 163.933 0
Dy 164 163.929 0.282
Ho 164 163.93 0
Er 164 163.929 0.0161
Tm 164 163.934 0
Yb 164 163.934 0
Lu 164 163.941 0
Hf 164 163.944 0
Ta 164 163.954 0
W 164 163.959 0
Re 164 163.97 0
Os 164 163.978 0
Ir 164 163.992 0
Sm 165 164.953 0
Eu 165 164.946 0
Gd 165 164.939 0
Tb 165 164.935 0
Dy 165 164.932 0
Ho 165 164.93 1
Er 165 164.931 0
Tm 165 164.932 0
Yb 165 164.935 0
Lu 165 164.939 0
Hf 165 164.945 0
Ta 165 164.951 0
W 165 164.958 0
Re 165 164.967 0
Os 165 164.977 0
Ir 165 164.988 0
Eu 166 165.95 0
Gd 166 165.941 0
Tb 166 165.938 0
Dy 166 165.933 0
Ho 166 165.932 0
Er 166 165.93 0.336
Tm 166 165.934 0
Yb 166 165.934 0
Lu 166 165.94 0
Hf 166 165.942 0
Ta 166 165.951 0
W 166 165.955 0
Re 166 165.966 0
Os 166 165.973 0
Ir 166 165.986 0
Pt 166 165.995 0
Eu 167 166.953 0
Gd 167 166.945 0
Tb 167 166.94 0
Dy 167 166.936 0
Ho 167 166.933 0
Er 167 166.932 0.2295
Tm 167 166.933 0
Yb 167 166.935 0
Lu 167 166.938 0
Hf 167 166.943 0
Ta 167 166.948 0
W 167 166.955 0
Re 167 166.963 0
Os 167 166.972 0
Ir 167 166.982 0
Pt 167 166.993 0
Gd 168 167.948 0
Tb 168 167.943 0
Dy 168 167.937 0
Ho 168 167.936 0
Er 168 167.932 0.268
Tm 168 167.934 0
Yb 168 167.934 0.0013
Lu 168 167.939 0
Hf 168 167.941 0
Ta 168 167.948 0
W 168 167.952 0
Re 168 167.962 0
Os 168 167.968 0
Ir 168 167.98 0
Pt 168 167.988 0
Gd 169 168.953 0
Tb 169 168.946 0
Dy 169 168.94 0
Ho 169 168.937 0
Er 169 168.935 0
Tm 169 168.934 1
Yb 169 168.935 0
Lu 169 168.938 0
Hf 169 168.941 0
Ta 169 168.946 0
W 169 168.952 0
Re 169 168.959 0
Os 169 168.967 0
Ir 169 168.976 0
Pt 169 168.987 0
Au 169 168.998 0
Tb 170 169.95 0
Dy 170 169.942 0
Ho 170 169.94 0
Er 170 169.935 0.149
Tm 170 169.936 0
Yb 170 169.935 0.0305
Lu 170 169.938 0
Hf 170 169.94 0
Ta 170 169.946 0
W 170 169.949 0
Re 170 169.958 0
Os 170 169.964 0
Ir 170 169.975 0
Pt 170 169.982 0
Au 170 169.996 0
Tb 171 170.953 0
Dy 171 170.946 0
Ho 171 170.941 0
Er 171 170.938 0
Tm 171 170.936 0
Yb 171 170.936 0.143
Lu 171 170.938 0
Hf 171 170.94 0
Ta 171 170.944 0
W 171 170.949 0
Re 171 170.956 0
Os 171 170.963 0
Ir 171 170.972 0
Pt 171 170.981 0
Au 171 170.992 0
Hg 171 171.004 0
Dy 172 171.948 0
Ho 172 171.945 0
Er 172 171.939 0
Tm 172 171.938 0
Yb 172 171.936 0.219
Lu 172 171.939 0
Hf 172 171.939 0
Ta 172 171.945 0
W 172 171.947 0
Re 172 171.955 0
Os 172 171.96 0
Ir 172 171.971 0
Pt 172 171.977 0
Au 172 171.99 0
Hg 172 171.999 0
Dy 173 172.953 0
Ho 173 172.947 0
Er 173 172.942 0
Tm 173 172.94 0
Yb 173 172.938 0.1612
Lu 173 172.939 0
Hf 173 172.941 0
Ta 173 172.944 0
W 173 172.948 0
Re 173 172.953 0
Os 173 172.96 0
Ir 173 172.968 0
Pt 173 172.976 0
Au 173 172.986 0
Hg 173 172.997 0
Ho 174 173.951 0
Er 174 173.944 0
Tm 174 173.942 0
Yb 174 173.939 0.318
Lu 174 173.94 0
Hf 174 173.94 0.0016
Ta 174 173.944 0
W 174 173.946 0
Re 174 173.953 0
Os 174 173.957 0
Ir 174 173.967 0
Pt 174 173.973 0
Au 174 173.985 0
Hg 174 173.993 0
Ho 175 174.954 0
Er 175 174.948 0
Tm 175 174.944 0
Yb 175 174.941 0
Lu 175 174.941 0.974
Hf 175 174.942 0
Ta 175 174.944 0
W 175 174.947 0
Re 175 174.951 0
Os 175 174.957 0
Ir 175 174.964 0
Pt 175 174.972 0
Au 175 174.981 0
Hg 175 174.991 0
Er 176 175.95 0
Tm 176 175.947 0
Yb 176 175.943 0.127
Lu 176 175.943 0.026
Hf 176 175.941 0.052
Ta 176 175.945 0
W 176 175.946 0
Re 176 175.952 0
Os 176 175.955 0
Ir 176 175.964 0
Pt 176 175.969 0
Au 176 175.98 0
Hg 176 175.987 0
Tl 176 176.001 0
Er 177 176.954 0
Tm 177 176.949 0
Yb 177 176.945 0
Lu 177 176.944 0
Hf 177 176.943 0.186
Ta 177 176.944 0
W 177 176.947 0
Re 177 176.95 0
Os 177 176.955 0
Ir 177 176.961 0
Pt 177 176.968 0
Au 177 176.977 0
Hg 177 176.986 0
Tl 177 176.996 0
Tm 178 177.953 0
Yb 178 177.947 0
Lu 178 177.946 0
Hf 178 177.944 0.271
Ta 178 177.946 0
W 178 177.946 0
Re 178 177.951 0
Os 178 177.953 0
Ir 178 177.961 0
Pt 178 177.966 0
Au 178 177.976 0
Hg 178 177.982 0
Tl 178 177.995 0
Pb 178 178.004 0
Tm 179 178.955 0
Yb 179 178.95 0
Lu 179 178.947 0
Hf 179 178.946 0.1374
Ta 179 178.946 0
W 179 178.947 0
Re 179 178.95 0
Os 179 178.954 0
Ir 179 178.959 0
Pt 179 178.965 0
Au 179 178.973 0
Hg 179 178.982 0
Tl 179 178.991 0
Pb 179 179.002 0
Yb 180 179.952 0
Lu 180 179.95 0
Hf 180 179.947 0.352
Ta 180 179.947 0.00012
W 180 179.947 0.0013
Re 180 179.951 0
Os 180 179.952 0
Ir 180 179.959 0
Pt 180 179.963 0
Au 180 179.973 0
Hg 180 179.978 0
Tl 180 179.99 0
Pb 180 179.998 0
Yb 181 180.956 0
Lu 181 180.952 0
Hf 181 180.949 0
Ta 181 180.948 0.9999
W 181 180.948 0
Re 181 180.95 0
Os 181 180.953 0
Ir 181 180.958 0
Pt 181 180.963 0
Au 181 180.97 0
Hg 181 180.978 0
Tl 181 180.986 0
Pb 181 180.997 0
Lu 182 181.955 0
Hf 182 181.951 0
Ta 182 181.95 0
W 182 181.948 0.263
Re 182 181.951 0
Os 182 181.952 0
Ir 182 181.958 0
Pt 182 181.961 0
Au 182 181.97 0
Hg 182 181.975 0
Tl 182 181.986 0
Pb 182 181.993 0
Lu 183 182.957 0
Hf 183 182.954 0
Ta 183 182.951 0
W 183 182.95 0.143
Re 183 182.951 0
Os 183 182.953 0
Ir 183 182.957 0
Pt 183 182.962 0
Au 183 182.968 0
Hg 183 182.974 0
Tl 183 182.982 0
Pb 183 182.992 0
Lu 184 183.961 0
Hf 184 183.955 0
Ta 184 183.954 0
W 184 183.951 0.3067
Re 184 183.953 0
Os 184 183.952 0.0002
Ir 184 183.957 0
Pt 184 183.96 0
Au 184 183.967 0
Hg 184 183.972 0
Tl 184 183.982 0
Pb 184 183.988 0
Bi 184 184.001 0
Lu 185 184.964 0
Hf 185 184.959 0
Ta 185 184.956 0
W 185 184.953 0
Re 185 184.953 0.374
Os 185 184.954 0
Ir 185 184.957 0
Pt 185 184.961 0
Au 185 184.966 0
Hg 185 184.972 0
Tl 185 184.979 0
Pb 185 184.988 0
Bi 185 184.998 0
Hf 186 185.961 0
Ta 186 185.959 0
W 186 185.954 0.286
Re 186 185.955 0
Os 186 185.954 0.0158
Ir 186 185.958 0
Pt 186 185.959 0
Au 186 185.966 0
Hg 186 185.969 0
Tl 186 185.979 0
Pb 186 185.984 0
Bi 186 185.997 0
Po 186 186.004 0
Hf 187 186.965 0
Ta 187 186.96 0
W 187 186.957 0
Re 187 186.956 0.626
Os 187 186.956 0.016
Ir 187 186.958 0
Pt 187 186.961 0
Au 187 186.965 0
Hg 187 186.97 0
Tl 187 186.976 0
Pb 187 186.984 0
Bi 187 186.993 0
Po 187 187.003 0
Hf 188 187.967 0
Ta 188 187.964 0
W 188 187.958 0
Re 188 187.958 0
Os 188 187.956 0.133
Ir 188 187.959 0
Pt 188 187.959 0
Au 188 187.965 0
Hg 188 187.968 0
Tl 188 187.976 0
Pb 188 187.981 0
Bi 188 187.992 0
Po 188 187.999 0
Hf 189 188.971 0
Ta 189 188.966 0
W 189 188.962 0
Re 189 188.959 0
Os 189 188.958 0.161
Ir 189 188.959 0
Pt 189 188.961 0
Au 189 188.964 0
Hg 189 188.968 0
Tl 189 188.974 0
Pb 189 188.981 0
Bi 189 188.989 0
Po 189 188.998 0
Ta 190 189.969 0
W 190 189.963 0
Re 190 189.962 0
Os 190 189.958 0.264
Ir 190 189.961 0
Pt 190 189.96 0.0001
Au 190 189.965 0
Hg 190 189.966 0
Tl 190 189.974 0
Pb 190 189.978 0
Bi 190 189.989 0
Po 190 189.995 0
Ta 191 190.972 0
W 191 190.967 0
Re 191 190.963 0
Os 191 190.961 0
Ir 191 190.961 0.373
Pt 191 190.962 0
Au 191 190.964 0
Hg 191 190.967 0
Tl 191 190.972 0
Pb 191 190.978 0
Bi 191 190.986 0
Po 191 190.995 0
At 191 191.004 0
Ta 192 191.975 0
W 192 191.968 0
Re 192 191.966 0
Os 192 191.961 0.41
Ir 192 191.963 0
Pt 192 191.961 0.0079
Au 192 191.965 0
Hg 192 191.966 0
Tl 192 191.972 0
Pb 192 191.976 0
Bi 192 191.985 0
Po 192 191.991 0
At 192 192.003 0
W 193 192.972 0
Re 193 192.968 0
Os 193 192.964 0
Ir 193 192.963 0.627
Pt 193 192.963 0
Au 193 192.964 0
Hg 193 192.967 0
Tl 193 192.971 0
Pb 193 192.976 0
Bi 193 192.983 0
Po 193 192.991 0
At 193 193 0
Rn 193 193.01 0
W 194 193.974 0
Re 194 193.971 0
Os 194 193.965 0
Ir 194 193.965 0
Pt 194 193.963 0.329
Au 194 193.965 0
Hg 194 193.965 0
Tl 194 193.971 0
Pb 194 193.974 0
Bi 194 193.983 0
Po 194 193.988 0
At 194 193.999 0
Rn 194 194.006 0
Re 195 194.973 0
Os 195 194.968 0
Ir 195 194.966 0
Pt 195 194.965 0.338
Au 195 194.965 0
Hg 195 194.967 0
Tl 195 194.97 0
Pb 195 194.975 0
Bi 195 194.981 0
Po 195 194.988 0
At 195 194.996 0
Rn 195 195.005 0
Re 196 195.976 0
Os 196 195.97 0
Ir 196 195.968 0
Pt 196 195.965 0.253
Au 196 195.967 0
Hg 196 195.966 0.0015
Tl 196 195.97 0
Pb 196 195.973 0
Bi 196 195.981 0
Po 196 195.986 0
At 196 195.996 0
Rn 196 196.002 0
Re 197 196.978 0
Os 197 196.973 0
Ir 197 196.97 0
Pt 197 196.967 0
Au 197 196.967 1
Hg 197 196.967 0
Tl 197 196.97 0
Pb 197 196.973 0
Bi 197 196.979 0
Po 197 196.986 0
At 197 196.993 0
Rn 197 197.002 0
Re 198 197.982 0
Os 198 197.974 0
Ir 198 197.972 0
Pt 198 197.968 0.072
Au 198 197.968 0
Hg 198 197.967 0.101
Tl 198 197.97 0
Pb 198 197.972 0
Bi 198 197.979 0
Po 198 197.983 0
At 198 197.993 0
Rn 198 197.999 0
Os 199 198.978 0
Ir 199 198.974 0
Pt 199 198.971 0
Au 199 198.969 0
Hg 199 198.968 0.17
Tl 199 198.97 0
Pb 199 198.973 0
Bi 199 198.978 0
Po 199 198.984 0
At 199 198.991 0
Rn 199 198.998 0
Fr 199 199.007 0
Os 200 199.98 0
Ir 200 199.977 0
Pt 200 199.971 0
Au 200 199.971 0
Hg 200 199.968 0.231
Tl 200 199.971 0
Pb 200 199.972 0
Bi 200 199.978 0
Po 200 199.982 0
At 200 199.99 0
Rn 200 199.996 0
Fr 200 200.007 0
Os 201 200.984 0
Ir 201 200.979 0
Pt 201 200.975 0
Au 201 200.972 0
Hg 201 200.97 0.132
Tl 201 200.971 0
Pb 201 200.973 0
Bi 201 200.977 0
Po 201 200.982 0
At 201 200.988 0
Rn 201 200.996 0
Fr 201 201.004 0
Ra 201 201.013 0
Os 202 201.986 0
Ir 202 201.982 0
Pt 202 201.976 0
Au 202 201.974 0
Hg 202 201.971 0.2965
Tl 202 201.972 0
Pb 202 201.972 0
Bi 202 201.978 0
Po 202 201.981 0
At 202 201.989 0
Rn 202 201.993 0
Fr 202 202.003 0
Ra 202 202.01 0
Ir 203 202.984 0
Pt 203 202.979 0
Au 203 202.975 0
Hg 203 202.973 0
Tl 203 202.972 0.2952
Pb 203 202.973 0
Bi 203 202.977 0
Po 203 202.981 0
At 203 202.987 0
Rn 203 202.993 0
Fr 203 203.001 0
Ra 203 203.009 0
Ir 204 203.99 0
Pt 204 203.981 0
Au 204 203.978 0
Hg 204 203.973 0.068
Tl 204 203.974 0
Pb 204 203.973 0.014
Bi 204 203.978 0
Po 204 203.98 0
At 204 203.987 0
Rn 204 203.991 0
Fr 204 204.001 0
Ra 204 204.006 0
Pt 205 204.986 0
Au 205 204.98 0
Hg 205 204.976 0
Tl 205 204.974 0.7048
Pb 205 204.974 0
Bi 205 204.977 0
Po 205 204.981 0
At 205 204.986 0
Rn 205 204.992 0
Fr 205 204.999 0
Ra 205 205.006 0
Pt 206 205.99 0
Au 206 205.985 0
Hg 206 205.978 0
Tl 206 205.976 0
Pb 206 205.974 0.241
Bi 206 205.978 0
Po 206 205.98 0
At 206 205.987 0
Rn 206 205.99 0
Fr 206 205.999 0
Ra 206 206.004 0
Ac 206 206.014 0
Au 207 206.988 0
Hg 207 206.982 0
Tl 207 206.977 0
Pb 207 206.976 0.221
Bi 207 206.978 0
Po 207 206.982 0
At 207 206.986 0
Rn 207 206.991 0
Fr 207 206.997 0
Ra 207 207.004 0
Ac 207 207.012 0
Au 208 207.993 0
Hg 208 207.986 0
Tl 208 207.982 0
Pb 208 207.977 0.524
Bi 208 207.98 0
Po 208 207.981 0
At 208 207.987 0
Rn 208 207.99 0
Fr 208 207.997 0
Ra 208 208.002 0
Ac 208 208.012 0
Th 208 208.018 0
Au 209 208.997 0
Hg 209 208.991 0
Tl 209 208.985 0
Pb 209 208.981 0
Bi 209 208.98 1
Po 209 208.982 0
At 209 208.986 0
Rn 209 208.99 0
Fr 209 208.996 0
Ra 209 209.002 0
Ac 209 209.009 0
Th 209 209.018 0
Au 210 210.002 0
Hg 210 209.994 0
Tl 210 209.99 0
Pb 210 209.984 0
Bi 210 209.984 0
Po 210 209.983 0
At 210 209.987 0
Rn 210 209.99 0
Fr 210 209.996 0
Ra 210 210 0
Ac 210 210.009 0
Th 210 210.015 0
Hg 211 210.999 0
Tl 211 210.993 0
Pb 211 210.989 0
Bi 211 210.987 0
Po 211 210.987 0
At 211 210.987 0
Rn 211 210.991 0
Fr 211 210.996 0
Ra 211 211.001 0
Ac 211 211.008 0
Th 211 211.015 0
Hg 212 212.003 0
Tl 212 211.998 0
Pb 212 211.992 0
Bi 212 211.991 0
Po 212 211.989 0
At 212 211.991 0
Rn 212 211.991 0
Fr 212 211.996 0
Ra 212 212 0
Ac 212 212.008 0
Th 212 212.013 0
Pa 212 212.023 0
Hg 213 213.008 0
Tl 213 213.002 0
Pb 213 212.997 0
Bi 213 212.994 0
Po 213 212.993 0
At 213 212.993 0
Rn 213 212.994 0
Fr 213 212.996 0
Ra 213 213 0
Ac 213 213.007 0
Th 213 213.013 0
Pa 213 213.021 0
Hg 214 214.012 0
Tl 214 214.007 0
Pb 214 214 0
Bi 214 213.999 0
Po 214 213.995 0
At 214 213.996 0
Rn 214 213.995 0
Fr 214 213.999 0
Ra 214 214 0
Ac 214 214.007 0
Th 214 214.012 0
Pa 214 214.021 0
Hg 215 215.017 0
Tl 215 215.011 0
Pb 215 215.005 0
Bi 215 215.002 0
Po 215 214.999 0
At 215 214.999 0
Rn 215 214.999 0
Fr 215 215 0
Ra 215 215.003 0
Ac 215 215.006 0
Th 215 215.012 0
Pa 215 215.019 0
Hg 216 216.021 0
Tl 216 216.016 0
Pb 216 216.008 0
Bi 216 216.006 0
Po 216 216.002 0
At 216 216.002 0
Rn 216 216 0
Fr 216 216.003 0
Ra 216 216.004 0
Ac 216 216.009 0
Th 216 216.011 0
Pa 216 216.019 0
Tl 217 217.02 0
Pb 217 217.013 0
Bi 217 217.009 0
Po 217 217.006 0
At 217 217.005 0
Rn 217 217.004 0
Fr 217 217.005 0
Ra 217 217.006 0
Ac 217 217.009 0
Th 217 217.013 0
Pa 217 217.018 0
U 217 217.025 0
Tl 218 218.025 0
Pb 218 218.017 0
Bi 218 218.014 0
Po 218 218.009 0
At 218 218.009 0
Rn 218 218.006 0
Fr 218 218.008 0
Ra 218 218.007 0
Ac 218 218.012 0
Th 218 218.013 0
Pa 218 218.02 0
U 218 218.024 0
Pb 219 219.022 0
Bi 219 219.017 0
Po 219 219.014 0
At 219 219.011 0
Rn 219 219.009 0
Fr 219 219.009 0
Ra 219 219.01 0
Ac 219 219.012 0
Th 219 219.016 0
Pa 219 219.02 0
U 219 219.025 0
Np 219 219.031 0
Pb 220 220.025 0
Bi 220 220.022 0
Po 220 220.016 0
At 220 220.015 0
Rn 220 220.011 0
Fr 220 220.012 0
Ra 220 220.011 0
Ac 220 220.015 0
Th 220 220.016 0
Pa 220 220.022 0
U 220 220.025 0
Np 220 220.033 0
Bi 221 221.026 0
Po 221 221.021 0
At 221 221.018 0
Rn 221 221.016 0
Fr 221 221.014 0
Ra 221 221.014 0
Ac 221 221.016 0
Th 221 221.018 0
Pa 221 221.022 0
U 221 221.026 0
Np 221 221.032 0
Bi 222 222.031 0
Po 222 222.024 0
At 222 222.022 0
Rn 222 222.018 0
Fr 222 222.018 0
Ra 222 222.015 0
Ac 222 222.018 0
Th 222 222.018 0
Pa 222 222.024 0
U 222 222.026 0
Np 222 222.033 0
Bi 223 223.035 0
Po 223 223.029 0
At 223 223.025 0
Rn 223 223.022 0
Fr 223 223.02 0
Ra 223 223.019 0
Ac 223 223.019 0
Th 223 223.021 0
Pa 223 223.024 0
U 223 223.028 0
Np 223 223.033 0
Bi 224 224.039 0
Po 224 224.032 0
At 224 224.03 0
Rn 224 224.024 0
Fr 224 224.023 0
Ra 224 224.02 0
Ac 224 224.022 0
Th 224 224.021 0
Pa 224 224.026 0
U 224 224.028 0
Np 224 224.034 0
Po 225 225.037 0
At 225 225.033 0
Rn 225 225.028 0
Fr 225 225.026 0
Ra 225 225.024 0
Ac 225 225.023 0
Th 225 225.024 0
Pa 225 225.026 0
U 225 225.029 0
Np 225 225.034 0
Po 226 226.04 0
At 226 226.037 0
Rn 226 226.031 0
Fr 226 226.03 0
Ra 226 226.025 0
Ac 226 226.026 0
Th 226 226.025 0
Pa 226 226.028 0
U 226 226.029 0
Np 226 226.035 0
Po 227 227.045 0
At 227 227.04 0
Rn 227 227.035 0
Fr 227 227.032 0
Ra 227 227.029 0
Ac 227 227.028 0
Th 227 227.028 0
Pa 227 227.029 0
U 227 227.031 0
Np 227 227.035 0
At 228 228.045 0
Rn 228 228.038 0
Fr 228 228.036 0
Ra 228 228.031 0
Ac 228 228.031 0
Th 228 228.029 0
Pa 228 228.031 0
U 228 228.031 0
Np 228 228.036 0
Pu 228 228.039 0
At 229 229.048 0
Rn 229 229.042 0
Fr 229 229.038 0
Ra 229 229.035 0
Ac 229 229.033 0
Th 229 229.032 0
Pa 229 229.032 0
U 229 229.034 0
Np 229 229.036 0
Pu 229 229.04 0
Rn 230 230.045 0
Fr 230 230.042 0
Ra 230 230.037 0
Ac 230 230.036 0
Th 230 230.033 0
Pa 230 230.035 0
U 230 230.034 0
Np 230 230.038 0
Pu 230 230.04 0
Am 230 230.046 0
Rn 231 231.05 0
Fr 231 231.045 0
Ra 231 231.041 0
Ac 231 231.038 0
Th 231 231.036 0
Pa 231 231.036 0
U 231 231.036 0
Np 231 231.038 0
Pu 231 231.041 0
Am 231 231.046 0
Fr 232 232.049 0
Ra 232 232.043 0
Ac 232 232.042 0
Th 232 232.038 1
Pa 232 232.039 0
U 232 232.037 0
Np 232 232.04 0
Pu 232 232.041 0
Am 232 232.046 0
Cm 232 232.05 0
Fr 233 233.053 0
Ra 233 233.048 0
Ac 233 233.044 0
Th 233 233.042 0
Pa 233 233.04 0
U 233 233.04 0
Np 233 233.041 0
Pu 233 233.043 0
Am 233 233.046 0
Cm 233 233.051 0
Ra 234 234.05 0
Ac 234 234.048 0
Th 234 234.044 0
Pa 234 234.043 0
U 234 234.041 6e-05
Np 234 234.043 0
Pu 234 234.043 0
Am 234 234.048 0
Cm 234 234.05 0
Bk 234 234.057 0
Ra 235 235.055 0
Ac 235 235.051 0
Th 235 235.047 0
Pa 235 235.045 0
U 235 235.044 0.0072
Np 235 235.044 0
Pu 235 235.045 0
Am 235 235.048 0
Cm 235 235.052 0
Bk 235 235.057 0
Ac 236 236.055 0
Th 236 236.05 0
Pa 236 236.049 0
U 236 236.046 0
Np 236 236.047 0
Pu 236 236.046 0
Am 236 236.049 0
Cm 236 236.051 0
Bk 236 236.057 0
Ac 237 237.058 0
Th 237 237.054 0
Pa 237 237.051 0
U 237 237.049 0
Np 237 237.048 0
Pu 237 237.048 0
Am 237 237.05 0
Cm 237 237.053 0
Bk 237 237.057 0
Cf 237 237.062 0
Th 238 238.056 0
Pa 238 238.055 0
U 238 238.051 0.9927
Np 238 238.051 0
Pu 238 238.05 0
Am 238 238.052 0
Cm 238 238.053 0
Bk 238 238.058 0
Cf 238 238.061 0
Th 239 239.061 0
Pa 239 239.057 0
U 239 239.054 0
Np 239 239.053 0
Pu 239 239.052 0
Am 239 239.053 0
Cm 239 239.055 0
Bk 239 239.058 0
Cf 239 239.063 0
Es 239 239.068 0
Pa 240 240.061 0
U 240 240.057 0
Np 240 240.056 0
Pu 240 240.054 0
Am 240 240.055 0
Cm 240 240.056 0
Bk 240 240.06 0
Cf 240 240.062 0
Es 240 240.069 0
Pa 241 241.064 0
U 241 241.06 0
Np 241 241.058 0
Pu 241 241.057 0
Am 241 241.057 0
Cm 241 241.058 0
Bk 241 241.06 0
Cf 241 241.064 0
Es 241 241.069 0
Fm 241 241.074 0
U 242 242.063 0
Np 242 242.062 0
Pu 242 242.059 0
Am 242 242.06 0
Cm 242 242.059 0
Bk 242 242.062 0
Cf 242 242.064 0
Es 242 242.07 0
Fm 242 242.073 0
U 243 243.067 0
Np 243 243.064 0
Pu 243 243.062 0
Am 243 243.061 0
Cm 243 243.061 0
Bk 243 243.063 0
Cf 243 243.065 0
Es 243 243.07 0
Fm 243 243.074 0
Np 244 244.068 0
Pu 244 244.064 0
Am 244 244.064 0
Cm 244 244.063 0
Bk 244 244.065 0
Cf 244 244.066 0
Es 244 244.071 0
Fm 244 244.074 0
Np 245 245.071 0
Pu 245 245.068 0
Am 245 245.066 0
Cm 245 245.065 0
Bk 245 245.066 0
Cf 245 245.068 0
Es 245 245.071 0
Fm 245 245.075 0
Md 245 245.081 0
Pu 246 246.07 0
Am 246 246.07 0
Cm 246 246.067 0
Bk 246 246.069 0
Cf 246 246.069 0
Es 246 246.073 0
Fm 246 246.075 0
Md 246 246.082 0
Pu 247 247.074 0
Am 247 247.072 0
Cm 247 247.07 0
Bk 247 247.07 0
Cf 247 247.071 0
Es 247 247.074 0
Fm 247 247.077 0
Md 247 247.082 0
Am 248 248.076 0
Cm 248 248.072 0
Bk 248 248.073 0
Cf 248 248.072 0
Es 248 248.075 0
Fm 248 248.077 0
Md 248 248.083 0
No 248 248.087 0
Am 249 249.078 0
Cm 249 249.076 0
Bk 249 249.075 0
Cf 249 249.075 0
Es 249 249.076 0
Fm 249 249.079 0
Md 249 249.083 0
No 249 249.088 0
Cm 250 250.078 0
Bk 250 250.078 0
Cf 250 250.076 0
Es 250 250.079 0
Fm 250 250.08 0
Md 250 250.084 0
No 250 250.088 0
Cm 251 251.082 0
Bk 251 251.081 0
Cf 251 251.08 0
Es 251 251.08 0
Fm 251 251.082 0
Md 251 251.085 0
No 251 251.089 0
Lr 251 251.094 0
Cm 252 252.085 0
Bk 252 252.084 0
Cf 252 252.082 0
Es 252 252.083 0
Fm 252 252.082 0
Md 252 252.086 0
No 252 252.089 0
Lr 252 252.095 0
Bk 253 253.087 0
Cf 253 253.085 0
Es 253 253.085 0
Fm 253 253.085 0
Md 253 253.087 0
No 253 253.091 0
Lr 253 253.095 0
Rf 253 253.1 0
Bk 254 254.091 0
Cf 254 254.087 0
Es 254 254.088 0
Fm 254 254.087 0
Md 254 254.09 0
No 254 254.091 0
Lr 254 254.096 0
Rf 254 254.1 0
Cf 255 255.091 0
Es 255 255.09 0
Fm 255 255.09 0
Md 255 255.091 0
No 255 255.093 0
Lr 255 255.097 0
Rf 255 255.101 0
Db 255 255.107 0
Cf 256 256.093 0
Es 256 256.094 0
Fm 256 256.092 0
Md 256 256.094 0
No 256 256.094 0
Lr 256 256.098 0
Rf 256 256.101 0
Db 256 256.108 0
Es 257 257.096 0
Fm 257 257.095 0
Md 257 257.096 0
No 257 257.097 0
Lr 257 257.099 0
Rf 257 257.103 0
Db 257 257.108 0
Es 258 258.1 0
Fm 258 258.097 0
Md 258 258.098 0
No 258 258.098 0
Lr 258 258.102 0
Rf 258 258.103 0
Db 258 258.109 0
Sg 258 258.113 0
Fm 259 259.101 0
Md 259 259.101 0
No 259 259.101 0
Lr 259 259.103 0
Rf 259 259.106 0
Db 259 259.109 0
Sg 259 259.114 0
Fm 260 260.103 0
Md 260 260.104 0
No 260 260.103 0
Lr 260 260.106 0
Rf 260 260.106 0
Db 260 260.111 0
Sg 260 260.114 0
Bh 260 260.122 0
Md 261 261.106 0
No 261 261.106 0
Lr 261 261.107 0
Rf 261 261.109 0
Db 261 261.112 0
Sg 261 261.116 0
Bh 261 261.121 0
Md 262 262.109 0
No 262 262.107 0
Lr 262 262.11 0
Rf 262 262.11 0
Db 262 262.114 0
Sg 262 262.116 0
Bh 262 262.123 0
No 263 263.111 0
Lr 263 263.111 0
Rf 263 263.112 0
Db 263 263.115 0
Sg 263 263.118 0
Bh 263 263.123 0
Hs 263 263.129 0
No 264 264.113 0
Lr 264 264.114 0
Rf 264 264.114 0
Db 264 264.117 0
Sg 264 264.119 0
Bh 264 264.125 0
Hs 264 264.128 0
Lr 265 265.116 0
Rf 265 265.117 0
Db 265 265.119 0
Sg 265 265.121 0
Bh 265 265.125 0
Hs 265 265.13 0
Mt 265 265.136 0
Lr 266 266.12 0
Rf 266 266.118 0
Db 266 266.121 0
Sg 266 266.122 0
Bh 266 266.127 0
Hs 266 266.13 0
Mt 266 266.137 0
Rf 267 267.122 0
Db 267 267.122 0
Sg 267 267.124 0
Bh 267 267.128 0
Hs 267 267.132 0
Mt 267 267.137 0
Ds 267 267.144 0
Rf 268 268.124 0
Db 268 268.126 0
Sg 268 268.125 0
Bh 268 268.13 0
Hs 268 268.132 0
Mt 268 268.139 0
Ds 268 268.143 0
Db 269 269.128 0
Sg 269 269.129 0
Bh 269 269.13 0
Hs 269 269.134 0
Mt 269 269.139 0
Ds 269 269.145 0
Db 270 270.131 0
Sg 270 270.13 0
Bh 270 270.133 0
Hs 270 270.134 0
Mt 270 270.14 0
Ds 270 270.145 0
Sg 271 271.134 0
Bh 271 271.135 0
Hs 271 271.137 0
Mt 271 271.141 0
Ds 271 271.146 0
Sg 272 272.136 0
Bh 272 272.138 0
Hs 272 272.138 0
Mt 272 272.143 0
Ds 272 272.146 0
Rg 272 272.153 0
Sg 273 273.14 0
Bh 273 273.14 0
Hs 273 273.142 0
Mt 273 273.144 0
Ds 273 273.149 0
Rg 273 273.153 0
Bh 274 274.144 0
Hs 274 274.143 0
Mt 274 274.147 0
Ds 274 274.149 0
Rg 274 274.155 0
Bh 275 275.146 0
Hs 275 275.147 0
Mt 275 275.149 0
Ds 275 275.152 0
Rg 275 275.156 0
Hs 276 276.148 0
Mt 276 276.152 0
Ds 276 276.153 0
Rg 276 276.158 0
Cn 276 276.161 0
Hs 277 277.152 0
Mt 277 277.153 0
Ds 277 277.156 0
Rg 277 277.159 0
Cn 277 277.164 0
Mt 278 278.156 0
Ds 278 278.157 0
Rg 278 278.161 0
Cn 278 278.164 0
Ed 278 278.171 0
Mt 279 279.158 0
Ds 279 279.16 0
Rg 279 279.163 0
Cn 279 279.167 0
Ed 279 279.171 0
Ds 280 280.161 0
Rg 280 280.165 0
Cn 280 280.167 0
Ed 280 280.173 0
Ds 281 281.165 0
Rg 281 281.166 0
Cn 281 281.17 0
Ed 281 281.173 0
Rg 282 282.169 0
Cn 282 282.17 0
Ed 282 282.176 0
Rg 283 283.171 0
Cn 283 283.173 0
Ed 283 283.177 0
Cn 284 284.174 0
Ed 284 284.179 0
Cn 285 285.177 0
Ed 285 285.18 0
Fl 285 285.184 0
Ed 286 286.182 0
Fl 286 286.184 0
Ed 287 287.183 0
Fl 287 287.187 0
Ef 287 287.191 0
Fl 288 288.188 0
Ef 288 288.193 0
Fl 289 289.19 0
Ef 289 289.194 0
Lv 289 289.198 0
Ef 290 290.196 0
Lv 290 290.199 0
Ef 291 291.197 0
Lv 291 291.201 0
Eh 291 291.206 0
Lv 292 292.202 0
Eh 292 292.207 0
Lv 293 293.204 0
Eh 293 293.208 0
Ei 293 293.214 0
Eh 294 294.21 0
Ei 294 294.214 0
Ei 295 295.216 0
